20 0 1 17 2
0 2 2 1
0 3 9 1
0 4 24 1
0 5 28 0
0 6 29 1
0 7 14 2
0 8 28 0
0 9 13 1
0 10 23 1
0 11 10 0
0 12 15 0
0 13 23 2
0 14 15 2
0 15 18 0
0 16 11 2
0 17 4 2
0 18 27 0
0 19 5 1
1 0 17 2
1 2 9 2
1 3 3 0
1 5 14 2
1 6 1 1
1 8 27 2
1 9 20 0
1 10 16 1
1 11 24 2
1 12 29 1
1 13 6 1
1 15 15 2
1 16 20 0
1 17 1 2
1 18 11 2
1 19 9 0
2 0 2 1
2 1 9 2
2 3 21 0
2 4 21 0
2 5 29 2
2 6 13 1
2 7 19 1
2 8 16 1
2 9 1 1
2 10 11 0
2 11 4 2
2 12 12 2
2 14 26 2
2 15 5 0
2 16 25 0
2 17 12 0
2 18 5 1
2 19 24 2
3 0 9 1
3 1 3 0
3 2 21 0
3 4 11 1
3 6 22 0
3 7 22 2
3 8 12 1
3 9 16 2
3 11 22 2
3 12 0 0
3 13 12 2
3 15 14 2
3 16 15 1
3 17 23 1
3 18 27 1
3 19 28 0
4 0 24 1
4 2 21 0
4 3 11 1
4 5 25 1
4 7 1 0
4 8 1 2
4 9 5 2
4 11 24 2
4 12 29 2
4 13 9 0
4 14 4 1
4 15 2 1
4 16 5 1
4 18 10 0
4 19 10 0
5 0 28 0
5 1 14 2
5 2 29 2
5 4 25 1
5 6 1 2
5 7 17 0
5 8 22 1
5 9 7 1
5 10 20 1
5 11 7 2
5 12 22 2
5 13 16 1
5 14 11 1
5 15 22 0
5 16 2 1
5 17 23 1
5 18 1 0
5 19 20 0
6 0 29 1
6 1 1 1
6 2 13 1
6 3 22 0
6 5 1 2
6 8 18 2
6 9 7 1
6 11 4 1
6 12 18 1
6 13 11 0
6 14 14 1
6 15 5 1
6 16 24 0
6 17 5 2
6 18 13 0
7 0 14 2
7 2 19 1
7 3 22 2
7 4 1 0
7 5 17 0
7 8 27 1
7 9 7 0
7 10 2 1
7 11 5 0
7 13 29 1
7 14 16 2
7 15 25 0
7 16 8 2
7 17 19 0
7 18 26 0
7 19 23 1
8 0 28 0
8 1 27 2
8 2 16 1
8 3 12 1
8 4 1 2
8 5 22 1
8 6 18 2
8 7 27 1
8 9 3 0
8 10 3 0
8 11 26 2
8 12 9 1
8 13 25 0
8 14 16 1
8 15 7 0
8 16 4 0
8 17 23 1
8 18 7 2
9 0 13 1
9 1 20 0
9 2 1 1
9 3 16 2
9 4 5 2
9 5 7 1
9 6 7 1
9 7 7 0
9 8 3 0
9 11 23 2
9 12 3 0
9 13 3 0
9 14 28 2
9 15 24 2
9 16 12 0
9 17 20 2
9 18 25 1
9 19 25 0
10 0 23 1
10 1 16 1
10 2 11 0
10 5 20 1
10 7 2 1
10 8 3 0
10 12 27 0
10 13 13 2
10 14 25 1
10 15 2 1
10 16 3 0
10 17 4 1
10 18 4 2
10 19 15 0
11 0 10 0
11 1 24 2
11 2 4 2
11 3 22 2
11 4 24 2
11 5 7 2
11 6 4 1
11 7 5 0
11 8 26 2
11 9 23 2
11 12 0 2
11 14 1 0
11 15 20 2
11 16 20 2
11 17 22 2
11 18 19 0
11 19 28 2
12 0 15 0
12 1 29 1
12 2 12 2
12 3 0 0
12 4 29 2
12 5 22 2
12 6 18 1
12 8 9 1
12 9 3 0
12 10 27 0
12 11 0 2
12 13 23 0
12 14 6 1
12 15 9 1
12 16 28 0
12 17 1 0
12 18 6 2
12 19 13 1
13 0 23 2
13 1 6 1
13 3 12 2
13 4 9 0
13 5 16 1
13 6 11 0
13 7 29 1
13 8 25 0
13 9 3 0
13 10 13 2
13 12 23 0
13 14 5 2
13 15 19 1
13 16 18 0
13 17 4 0
13 18 16 2
13 19 12 1
14 0 15 2
14 2 26 2
14 4 4 1
14 5 11 1
14 6 14 1
14 7 16 2
14 8 16 1
14 9 28 2
14 10 25 1
14 11 1 0
14 12 6 1
14 13 5 2
14 15 6 0
14 16 27 0
14 17 15 0
14 18 1 2
14 19 28 1
15 0 18 0
15 1 15 2
15 2 5 0
15 3 14 2
15 4 2 1
15 5 22 0
15 6 5 1
15 7 25 0
15 8 7 0
15 9 24 2
15 10 2 1
15 11 20 2
15 12 9 1
15 13 19 1
15 14 6 0
15 16 23 2
15 17 21 1
15 18 28 2
15 19 2 0
16 0 11 2
16 1 20 0
16 2 25 0
16 3 15 1
16 4 5 1
16 5 2 1
16 6 24 0
16 7 8 2
16 8 4 0
16 9 12 0
16 10 3 0
16 11 20 2
16 12 28 0
16 13 18 0
16 14 27 0
16 15 23 2
16 17 9 0
16 18 11 0
16 19 12 1
17 0 4 2
17 1 1 2
17 2 12 0
17 3 23 1
17 5 23 1
17 6 5 2
17 7 19 0
17 8 23 1
17 9 20 2
17 10 4 1
17 11 22 2
17 12 1 0
17 13 4 0
17 14 15 0
17 15 21 1
17 16 9 0
17 18 20 2
17 19 9 1
18 0 27 0
18 1 11 2
18 2 5 1
18 3 27 1
18 4 10 0
18 5 1 0
18 6 13 0
18 7 26 0
18 8 7 2
18 9 25 1
18 10 4 2
18 11 19 0
18 12 6 2
18 13 16 2
18 14 1 2
18 15 28 2
18 16 11 0
18 17 20 2
18 19 11 0
19 0 5 1
19 1 9 0
19 2 24 2
19 3 28 0
19 4 10 0
19 5 20 0
19 7 23 1
19 9 25 0
19 10 15 0
19 11 28 2
19 12 13 1
19 13 12 1
19 14 28 1
19 15 2 0
19 16 12 1
19 17 9 1
19 18 11 0